40 31 11 8 3 4 20
1 1 1 1 1 1 0 0 1 1 1 1 1 1 1 1 1 1 0 0 0 0 0 0
1 1 1 1 1 1 1 1 0 0 1 1 1 1 1 1 1 1 0 0 0 0 0 0
1 1 1 1 1 1 1 1 0 0 0 0 0 0 0 0 0 0 0 0 0 0 0 0
0 0 0 0 0 0 0 0 1 1 1 1 1 1 1 1 0 0 0 0 0 0 0 0
0 0 1 1 1 1 1 1 0 0 1 1 1 1 1 1 1 1 1 1 0 0 0 0
0 0 1 1 1 1 1 1 1 1 0 0 1 1 1 1 1 1 1 1 0 0 0 0
0 0 0 0 1 1 1 1 1 1 0 0 1 1 1 1 1 1 1 1 1 1 0 0
0 0 0 0 1 1 1 1 1 1 1 1 0 0 1 1 1 1 1 1 1 1 0 0
0 0 0 0 0 0 1 1 1 1 1 1 0 0 1 1 1 1 1 1 1 1 1 1
0 0 0 0 0 0 1 1 1 1 1 1 1 1 0 0 1 1 1 1 1 1 1 1
0 0 0 0 0 0 0 0 0 0 0 0 0 0 0 0 1 1 1 1 1 1 1 1
0 0 0 0 0 0 0 0 0 0 0 0 0 0 0 0 0 0 0 0 0 0 0 0
29 24 25 24 24 24 17 13 17 23 21 23 21 18 20 20 16 11 10 8 8 8 9 8
20 20 21 22 19 18 12 14 14 18 20 20 18 20 17 17 11 11 8 8 9 8 8 7
21 18 20 20 22 19 13 11 14 17 20 21 18 18 17 15 15 13 8 6 6 8 7 6
29 24 25 24 24 24 17 13 17 23 21 23 21 18 20 20 16 11 10 8 8 8 9 8
20 20 21 22 19 18 12 14 14 18 20 20 18 20 17 17 11 11 8 8 9 8 8 7
21 18 20 20 22 19 13 11 14 17 20 21 18 18 17 15 15 13 8 6 6 8 7 6
17 18 17 18 20 17 12 12 11 15 18 17 16 17 14 15 13 11 9 7 8 7 7 6
29 24 25 24 24 24 17 13 17 23 21 23 21 18 20 20 16 11 10 8 8 8 9 8
20 20 21 22 19 18 12 14 14 18 20 20 18 20 17 17 11 11 8 8 9 8 8 7
21 18 20 20 22 19 13 11 14 17 20 21 18 18 17 15 15 13 8 6 6 8 7 6
17 18 17 18 20 17 12 12 11 15 18 17 16 17 14 15 13 11 9 7 8 7 7 6
18 15 20 18 16 20 12 11 13 17 17 18 16 18 17 13 14 10 6 6 6 5 6 6
17 18 17 18 20 17 12 12 11 15 18 17 16 17 14 15 13 11 9 7 8 7 7 6
18 15 20 18 16 20 12 11 13 17 17 18 16 18 17 13 14 10 6 6 6 5 6 6
29 24 25 24 24 24 17 13 17 23 21 23 21 18 20 20 16 11 10 8 8 8 9 8
20 20 21 22 19 18 12 14 14 18 20 20 18 20 17 17 11 11 8 8 9 8 8 7
21 18 20 20 22 19 13 11 14 17 20 21 18 18 17 15 15 13 8 6 6 8 7 6
17 18 17 18 20 17 12 12 11 15 18 17 16 17 14 15 13 11 9 7 8 7 7 6
18 15 20 18 16 20 12 11 13 17 17 18 16 18 17 13 14 10 6 6 6 5 6 6
29 24 25 24 24 24 17 13 17 23 21 23 21 18 20 20 16 11 10 8 8 8 9 8
20 20 21 22 19 18 12 14 14 18 20 20 18 20 17 17 11 11 8 8 9 8 8 7
29 24 25 24 24 24 17 13 17 23 21 23 21 18 20 20 16 11 10 8 8 8 9 8
20 20 21 22 19 18 12 14 14 18 20 20 18 20 17 17 11 11 8 8 9 8 8 7
21 18 20 20 22 19 13 11 14 17 20 21 18 18 17 15 15 13 8 6 6 8 7 6
17 18 17 18 20 17 12 12 11 15 18 17 16 17 14 15 13 11 9 7 8 7 7 6
18 15 20 18 16 20 12 11 13 17 17 18 16 18 17 13 14 10 6 6 6 5 6 6
17 18 17 18 20 17 12 12 11 15 18 17 16 17 14 15 13 11 9 7 8 7 7 6
18 15 20 18 16 20 12 11 13 17 17 18 16 18 17 13 14 10 6 6 6 5 6 6
29 24 25 24 24 24 17 13 17 23 21 23 21 18 20 20 16 11 10 8 8 8 9 8
20 20 21 22 19 18 12 14 14 18 20 20 18 20 17 17 11 11 8 8 9 8 8 7
29 24 25 24 24 24 17 13 17 23 21 23 21 18 20 20 16 11 10 8 8 8 9 8
0 0 0 0 5 6 0 8 9 10 11 1 2 0 4 5 6 7 8 9 0 11 1 2 3 4 5 0 7 8 9
0 0 0 0 3 4 0 6 7 8 9 10 11 0 2 3 4 5 6 7 0 9 10 11 1 2 3 0 5 6 7
0 0 0 0 1 2 0 4 5 6 7 8 9 0 11 1 2 3 4 5 0 7 8 9 10 11 1 0 3 4 5
0 0 0 0 10 11 0 2 3 4 5 6 7 0 9 10 11 1 2 3 0 5 6 7 8 9 10 0 1 2 3
0 0 0 0 8 9 0 11 1 2 3 4 5 0 7 8 9 10 11 1 0 3 4 5 6 7 8 0 10 11 1
0 0 0 0 6 7 0 9 10 11 1 2 3 0 5 6 7 8 9 10 0 1 2 3 4 5 6 0 8 9 10
0 0 0 0 4 5 0 7 8 9 10 11 1 0 3 4 5 6 7 8 0 10 11 1 2 3 4 0 6 7 8
0 0 0 0 2 3 0 5 6 7 8 9 10 0 1 2 3 4 5 6 0 8 9 10 11 1 2 0 4 5 6
0 0 0 0 11 1 0 3 4 5 6 7 8 0 10 11 1 2 3 4 0 6 7 8 9 10 11 0 2 3 4
0 0 0 0 9 10 0 1 2 3 4 5 6 0 8 9 10 11 1 2 0 4 5 6 7 8 9 0 11 1 2
0 0 0 0 7 8 0 10 11 1 2 3 4 0 6 7 8 9 10 11 0 2 3 4 5 6 7 0 9 10 11
0 0 0 0 5 6 0 8 9 10 11 1 2 0 4 5 6 7 8 9 0 11 1 2 3 4 5 0 7 8 9
0 0 0 0 3 4 0 6 7 8 9 10 11 0 2 3 4 5 6 7 0 9 10 11 1 2 3 0 5 6 7
0 0 0 0 1 2 0 4 5 6 7 8 9 0 11 1 2 3 4 5 0 7 8 9 10 11 1 0 3 4 5
0 0 0 0 10 11 0 2 3 4 5 6 7 0 9 10 11 1 2 3 0 5 6 7 8 9 10 0 1 2 3
0 0 0 0 8 9 0 11 1 2 3 4 5 0 7 8 9 10 11 1 0 3 4 5 6 7 8 0 10 11 1
0 0 0 0 6 7 0 9 10 11 1 2 3 0 5 6 7 8 9 10 0 1 2 3 4 5 6 0 8 9 10
0 0 0 0 4 5 0 7 8 9 10 11 1 0 3 4 5 6 7 8 0 10 11 1 2 3 4 0 6 7 8
0 0 0 0 2 3 0 5 6 7 8 9 10 0 1 2 3 4 5 6 0 8 9 10 11 1 2 0 4 5 6
0 0 0 0 11 1 0 3 4 5 6 7 8 0 10 11 1 2 3 4 0 6 7 8 9 10 11 0 2 3 4
0 0 0 0 9 10 0 1 2 3 4 5 6 0 8 9 10 11 1 2 0 4 5 6 7 8 9 0 11 1 2
0 0 0 0 7 8 0 10 11 1 2 3 4 0 6 7 8 9 10 11 0 2 3 4 5 6 7 0 9 10 11
0 0 0 0 5 6 0 8 9 10 11 1 2 0 4 5 6 7 8 9 0 11 1 2 3 4 5 0 7 8 9
0 0 0 0 3 4 0 6 7 8 9 10 11 0 2 3 4 5 6 7 0 9 10 11 1 2 3 0 5 6 7
0 0 0 0 1 2 0 4 5 6 7 8 9 0 11 1 2 3 4 5 0 7 8 9 10 11 1 0 3 4 5
0 0 0 0 10 11 0 2 3 4 5 6 7 0 9 10 11 1 2 3 0 5 6 7 8 9 10 0 1 2 3
0 0 0 0 8 9 0 11 1 2 3 4 5 0 7 8 9 10 11 1 0 3 4 5 6 7 8 0 10 11 1
0 0 0 0 6 7 0 9 10 11 1 2 3 0 5 6 7 8 9 10 0 1 2 3 4 5 6 0 8 9 10
0 0 0 0 4 5 0 7 8 9 10 11 1 0 3 4 5 6 7 8 0 10 11 1 2 3 4 0 6 7 8
0 0 0 0 2 3 0 5 6 7 8 9 10 0 1 2 3 4 5 6 0 8 9 10 11 1 2 0 4 5 6
0 0 0 0 11 1 0 3 4 5 6 7 8 0 10 11 1 2 3 4 0 6 7 8 9 10 11 0 2 3 4
0 0 0 0 9 10 0 1 2 3 4 5 6 0 8 9 10 11 1 2 0 4 5 6 7 8 9 0 11 1 2
0 0 0 0 7 8 0 10 11 1 2 3 4 0 6 7 8 9 10 11 0 2 3 4 5 6 7 0 9 10 11
0 0 0 0 5 6 0 8 9 10 11 1 2 0 4 5 6 7 8 9 0 11 1 2 3 4 5 0 7 8 9
0 0 0 0 3 4 0 6 7 8 9 10 11 0 2 3 4 5 6 7 0 9 10 11 1 2 3 0 5 6 7
0 0 0 0 1 2 0 4 5 6 7 8 9 0 11 1 2 3 4 5 0 7 8 9 10 11 1 0 3 4 5
0 0 0 0 10 11 0 2 3 4 5 6 7 0 9 10 11 1 2 3 0 5 6 7 8 9 10 0 1 2 3
0 0 0 0 8 9 0 11 1 2 3 4 5 0 7 8 9 10 11 1 0 3 4 5 6 7 8 0 10 11 1
0 0 0 0 6 7 0 9 10 11 1 2 3 0 5 6 7 8 9 10 0 1 2 3 4 5 6 0 8 9 10
0 0 0 0 4 5 0 7 8 9 10 11 1 0 3 4 5 6 7 8 0 10 11 1 2 3 4 0 6 7 8